scorer,DLC_resnet50_Week5_AboveKnee4Feb6shuffle1_1030000,DLC_resnet50_Week5_AboveKnee4Feb6shuffle1_1030000,DLC_resnet50_Week5_AboveKnee4Feb6shuffle1_1030000,DLC_resnet50_Week5_AboveKnee4Feb6shuffle1_1030000,DLC_resnet50_Week5_AboveKnee4Feb6shuffle1_1030000,DLC_resnet50_Week5_AboveKnee4Feb6shuffle1_1030000,DLC_resnet50_Week5_AboveKnee4Feb6shuffle1_1030000,DLC_resnet50_Week5_AboveKnee4Feb6shuffle1_1030000,DLC_resnet50_Week5_AboveKnee4Feb6shuffle1_1030000,DLC_resnet50_Week5_AboveKnee4Feb6shuffle1_1030000,DLC_resnet50_Week5_AboveKnee4Feb6shuffle1_1030000,DLC_resnet50_Week5_AboveKnee4Feb6shuffle1_1030000,DLC_resnet50_Week5_AboveKnee4Feb6shuffle1_1030000,DLC_resnet50_Week5_AboveKnee4Feb6shuffle1_1030000,DLC_resnet50_Week5_AboveKnee4Feb6shuffle1_1030000,DLC_resnet50_Week5_AboveKnee4Feb6shuffle1_1030000,DLC_resnet50_Week5_AboveKnee4Feb6shuffle1_1030000,DLC_resnet50_Week5_AboveKnee4Feb6shuffle1_1030000,DLC_resnet50_Week5_AboveKnee4Feb6shuffle1_1030000,DLC_resnet50_Week5_AboveKnee4Feb6shuffle1_1030000,DLC_resnet50_Week5_AboveKnee4Feb6shuffle1_1030000,DLC_resnet50_Week5_AboveKnee4Feb6shuffle1_1030000,DLC_resnet50_Week5_AboveKnee4Feb6shuffle1_1030000,DLC_resnet50_Week5_AboveKnee4Feb6shuffle1_1030000
bodyparts,Right_Hip,Right_Hip,Right_Hip,Right_Knee,Right_Knee,Right_Knee,Right_Ankle,Right_Ankle,Right_Ankle,Right_Toe,Right_Toe,Right_Toe,Left_Hip,Left_Hip,Left_Hip,Left_Knee,Left_Knee,Left_Knee,Left_Ankle,Left_Ankle,Left_Ankle,Left_Toe,Left_Toe,Left_Toe
coords,x,y,likelihood,x,y,likelihood,x,y,likelihood,x,y,likelihood,x,y,likelihood,x,y,likelihood,x,y,likelihood,x,y,likelihood
0,560.1327514648438,311.3877868652344,0.9999979734420776,560.7854614257812,441.0718994140625,0.999996542930603,563.93212890625,534.2291259765625,0.002288215793669224,555.1395874023438,548.9698486328125,0.9996320009231567,629.6069946289062,320.41357421875,0.999996542930603,618.5682983398438,447.47454833984375,0.9999924898147583,608.6769409179688,552.8292236328125,0.9999978542327881,611.6240234375,581.9249877929688,0.9999995231628418
1,560.138427734375,311.38665771484375,0.9999979734420776,560.7837524414062,441.06549072265625,0.999996542930603,563.9290771484375,534.231201171875,0.002290736185386777,555.1392211914062,548.9721069335938,0.9996311664581299,629.607177734375,320.4106140136719,0.999996542930603,618.5632934570312,447.4771728515625,0.9999924898147583,608.6760864257812,552.8292846679688,0.9999978542327881,611.6239624023438,581.9251098632812,0.9999995231628418
2,560.1402587890625,311.39349365234375,0.9999979734420776,560.7885131835938,441.0543212890625,0.999996542930603,563.9273681640625,534.23388671875,0.002299178158864379,555.1427001953125,548.9702758789062,0.9996329545974731,629.6107788085938,320.40447998046875,0.999996542930603,618.6131591796875,447.4715881347656,0.9999921321868896,608.673095703125,552.8275146484375,0.9999978542327881,611.6240234375,581.9244995117188,0.9999995231628418
3,560.1065673828125,311.55133056640625,0.9999978542327881,560.7911376953125,441.0589599609375,0.999996542930603,563.920654296875,534.2432861328125,0.0023283418267965317,555.140380859375,548.9735107421875,0.9996323585510254,629.6740112304688,320.6395568847656,0.9999969005584717,618.6790771484375,447.4964904785156,0.9999922513961792,608.6683959960938,552.8184814453125,0.9999979734420776,611.62158203125,581.92578125,0.9999995231628418
4,560.246826171875,312.1691589355469,0.9999974966049194,561.2512817382812,441.2406005859375,0.9999967813491821,564.0235595703125,536.92578125,0.003983804024755955,556.2048950195312,550.4984741210938,0.9993664622306824,629.8658447265625,321.083251953125,0.9999973773956299,618.9176635742188,447.46917724609375,0.9999916553497314,609.3751831054688,551.3400268554688,0.9999992847442627,612.4420776367188,580.6641845703125,0.9999996423721313
5,560.1321411132812,312.5935363769531,0.9999970197677612,561.9296875,442.12225341796875,0.9999978542327881,565.041015625,538.8587646484375,0.09793905913829803,558.1171875,553.844482421875,0.9993525147438049,629.9006958007812,321.34637451171875,0.999997615814209,619.8259887695312,447.356689453125,0.99998939037323,609.8442993164062,549.3997192382812,0.9999996423721313,613.1246948242188,579.0321655273438,0.9999997615814209
6,560.3648071289062,313.7041931152344,0.9999934434890747,562.5604858398438,444.0821228027344,0.999998927116394,566.9461059570312,544.9602661132812,0.008862839080393314,559.845703125,558.0884399414062,0.9995052814483643,630.1788940429688,322.1798095703125,0.9999978542327881,619.9003295898438,447.9427795410156,0.9999922513961792,610.3384399414062,548.04541015625,0.9999997615814209,613.8857421875,577.2638549804688,0.9999997615814209
7,560.9217529296875,314.7964782714844,0.9999954700469971,563.6092529296875,446.70587158203125,0.9999991655349731,568.3511352539062,549.97021484375,0.010689672082662582,563.0901489257812,565.2515869140625,0.9999575614929199,631.11328125,322.86572265625,0.9999971389770508,620.4685668945312,448.4468078613281,0.9999940395355225,610.9794311523438,546.7233276367188,0.9999997615814209,614.510498046875,575.4407958984375,0.999998927116394
8,561.7426147460938,316.3678283691406,0.9999967813491821,564.9788208007812,450.55987548828125,0.9999997615814209,619.110107421875,539.2352294921875,0.0007871962152421474,564.8851318359375,570.963134765625,0.999991774559021,632.1002197265625,324.3721008300781,0.9999963045120239,620.737060546875,449.58831787109375,0.9999966621398926,612.2396850585938,545.2415161132812,0.9999995231628418,615.520263671875,573.6055297851562,0.9999926090240479
9,562.0787963867188,317.6684265136719,0.999996542930603,566.1758422851562,454.53594970703125,0.9999995231628418,618.9758911132812,539.2193603515625,0.001092118094675243,567.6685180664062,579.2012329101562,0.9999984502792358,633.1038818359375,325.33123779296875,0.9999945163726807,621.6021118164062,450.66986083984375,0.9999977350234985,613.0232543945312,544.2114868164062,0.9999992847442627,616.6296997070312,572.6854248046875,0.9999895095825195
10,562.6015625,318.2903137207031,0.9999959468841553,567.2003784179688,453.6084899902344,0.9999995231628418,618.6506958007812,539.0753784179688,0.0012018511770293117,569.9671630859375,581.591796875,0.9999991655349731,634.1965942382812,325.9426574707031,0.9999959468841553,621.8377075195312,450.5229797363281,0.9999977350234985,613.5459594726562,542.8682250976562,0.9999986886978149,616.9847412109375,571.32373046875,0.9999911785125732
11,562.8150024414062,318.3406982421875,0.9999963045120239,567.7227172851562,452.9096984863281,0.9999994039535522,573.8881225585938,562.4190063476562,0.0032534454949200153,570.8098754882812,582.3994140625,0.9999988079071045,634.6318359375,326.1846618652344,0.9999958276748657,622.7919311523438,450.69879150390625,0.9999985694885254,614.6536865234375,540.9111938476562,0.9999990463256836,618.2598266601562,569.249267578125,0.9999847412109375
12,562.7801513671875,318.0372619628906,0.9999969005584717,567.3765258789062,452.0063171386719,0.9999995231628418,574.12353515625,562.7234497070312,0.027679720893502235,569.6995849609375,584.0431518554688,0.9999974966049194,634.933349609375,326.0096130371094,0.9999960660934448,623.0038452148438,450.67852783203125,0.9999986886978149,616.1982421875,538.2664794921875,0.999996542930603,618.55224609375,567.6932373046875,0.9999911785125732
13,562.1953735351562,317.19451904296875,0.9999979734420776,567.595458984375,451.3060607910156,0.9999995231628418,573.8246459960938,563.23681640625,0.3588186800479889,568.8389892578125,586.0208129882812,0.9999920129776001,634.7098388671875,323.8397216796875,0.9999971389770508,624.2042236328125,450.9651794433594,0.9999994039535522,618.2200927734375,535.5,0.9999982118606567,619.035400390625,566.874267578125,0.9999940395355225
14,561.8317260742188,316.494873046875,0.9999979734420776,567.9868774414062,451.1026916503906,0.9999992847442627,574.1630249023438,564.2221069335938,0.9932205677032471,568.0697021484375,588.9205932617188,0.999996542930603,634.356201171875,322.2678527832031,0.9999969005584717,626.1574096679688,452.3332824707031,0.9999996423721313,620.1846923828125,532.3970336914062,0.9999992847442627,619.5581665039062,567.0173950195312,0.9999905824661255
15,560.6688232421875,316.3673400878906,0.9999973773956299,568.23291015625,451.65582275390625,0.999998927116394,574.3763427734375,565.5311279296875,0.9999427795410156,566.7269287109375,590.7321166992188,0.999997615814209,634.0736083984375,321.5488586425781,0.9999960660934448,627.9812622070312,454.3457946777344,0.9999994039535522,623.19091796875,527.9426879882812,0.9999942779541016,619.6865844726562,568.361083984375,0.9999595880508423
16,560.4913330078125,317.7417907714844,0.9999961853027344,567.8427734375,451.9347839355469,0.9999990463256836,574.4232177734375,566.0703125,0.9999899864196777,566.1099853515625,592.8554077148438,0.9999986886978149,633.811279296875,321.9194641113281,0.9999963045120239,628.3504638671875,458.1363220214844,0.9999954700469971,625.2308959960938,523.753173828125,0.999998927116394,620.3220825195312,568.1293334960938,0.9999691247940063
17,560.2523803710938,318.23907470703125,0.9999953508377075,567.410888671875,451.8765869140625,0.9999992847442627,574.3824462890625,566.2393798828125,0.9999922513961792,566.104736328125,593.73583984375,0.9999990463256836,633.8027954101562,323.13134765625,0.9999969005584717,628.7142944335938,459.2102355957031,0.9999949932098389,625.7645874023438,520.9925537109375,0.9999977350234985,624.2587890625,566.79833984375,0.9999969005584717
18,560.3991088867188,318.85919189453125,0.9999948740005493,567.2315673828125,452.0523681640625,0.9999995231628418,574.412353515625,565.8264770507812,0.9999951124191284,566.5441284179688,594.636474609375,0.999998927116394,633.7095336914062,323.4459228515625,0.9999963045120239,628.4651489257812,459.7609558105469,0.9999946355819702,626.2814331054688,521.6266479492188,0.9999980926513672,628.9050903320312,568.361083984375,0.999996542930603
19,560.4779052734375,318.97503662109375,0.9999951124191284,567.4336547851562,452.177978515625,0.9999995231628418,574.6419677734375,565.0115966796875,0.9999963045120239,567.1357421875,595.1788940429688,0.9999991655349731,634.0757446289062,323.157958984375,0.9999967813491821,627.6494140625,457.4159240722656,0.9999911785125732,626.8389892578125,525.8596801757812,0.9999982118606567,628.718994140625,574.1712036132812,0.9999980926513672
20,560.4892578125,318.6844482421875,0.9999945163726807,567.5066528320312,452.1614685058594,0.9999995231628418,574.70068359375,564.385498046875,0.9999970197677612,567.8640747070312,595.3941650390625,0.9999992847442627,633.6105346679688,322.3261413574219,0.9999955892562866,626.7986450195312,455.0230407714844,0.9999959468841553,626.5165405273438,534.91259765625,0.9999984502792358,628.4288330078125,581.8265991210938,0.9999996423721313
21,560.257568359375,318.8287048339844,0.999995231628418,567.63623046875,452.62261962890625,0.9999995231628418,574.5772094726562,563.6192626953125,0.9999974966049194,568.524169921875,595.0824584960938,0.9999994039535522,633.4057006835938,322.3453063964844,0.9999939203262329,625.356201171875,451.7997741699219,0.9999982118606567,625.6173095703125,545.47607421875,0.9999986886978149,627.8531494140625,589.5421752929688,0.9999979734420776
22,560.4850463867188,319.2710876464844,0.9999970197677612,568.4645385742188,453.2152099609375,0.9999992847442627,574.7430419921875,563.060546875,0.9999971389770508,568.8990478515625,594.857666015625,0.9999994039535522,633.9541625976562,322.6091613769531,0.999994158744812,625.3494262695312,448.23968505859375,0.9999964237213135,624.9147338867188,556.7528076171875,0.9999971389770508,630.6710815429688,595.5859985351562,0.9999995231628418
23,561.397705078125,320.41436767578125,0.999998927116394,569.4632568359375,454.25042724609375,0.9999988079071045,574.879150390625,560.7987670898438,0.9999948740005493,569.695068359375,594.5479736328125,0.9999991655349731,634.8072509765625,323.39434814453125,0.9999951124191284,625.8861083984375,445.9906921386719,0.9999922513961792,625.4168701171875,563.5665283203125,0.9999990463256836,632.338134765625,599.6296997070312,0.9999986886978149
24,562.06787109375,321.4720458984375,0.9999992847442627,570.0792236328125,454.8472900390625,0.9999985694885254,575.5035400390625,559.1510620117188,0.9999942779541016,569.9493408203125,593.628662109375,0.9999991655349731,635.0748291015625,324.83123779296875,0.9999951124191284,627.7413940429688,445.6810302734375,0.9999922513961792,626.5812377929688,567.4490966796875,0.9999992847442627,633.1377563476562,597.3433837890625,0.9999990463256836
25,563.0853271484375,322.980224609375,0.9999995231628418,570.8828735351562,455.58929443359375,0.9999977350234985,576.7369384765625,557.8353881835938,0.9999959468841553,570.5774536132812,592.2959594726562,0.9999980926513672,636.0643920898438,326.9453125,0.9999940395355225,629.86376953125,446.97882080078125,0.9999903440475464,628.117431640625,567.54296875,0.9999916553497314,633.3021850585938,590.5833740234375,0.9999805688858032
26,563.1863403320312,323.36248779296875,0.9999995231628418,571.3427124023438,455.9041748046875,0.9999964237213135,577.4780883789062,557.473388671875,0.9999963045120239,570.91162109375,591.4419555664062,0.999996542930603,636.1980590820312,327.8127136230469,0.9999920129776001,631.0947875976562,448.0700988769531,0.9999868869781494,629.381103515625,564.5086059570312,0.9903032183647156,634.2220458984375,584.7073364257812,0.9999903440475464
27,563.7313842773438,323.67987060546875,0.9999996423721313,572.0509033203125,456.2297668457031,0.9999964237213135,578.2515258789062,556.5097045898438,0.9999974966049194,571.37109375,590.2106323242188,0.9999927282333374,636.7931518554688,328.4383544921875,0.9999899864196777,632.552001953125,449.6099548339844,0.9999897480010986,630.614990234375,563.865478515625,0.45241108536720276,636.9617309570312,583.0534057617188,0.9999960660934448
28,564.600830078125,323.6562194824219,0.9999995231628418,572.89892578125,456.9405212402344,0.9999939203262329,578.8607177734375,554.94140625,0.9999977350234985,571.8339233398438,588.054443359375,0.9999892711639404,637.768310546875,329.2051696777344,0.9999816417694092,633.7523193359375,450.6210632324219,0.9999935626983643,632.0554809570312,565.6486206054688,0.8144930601119995,638.7968139648438,584.70751953125,0.9999903440475464
29,565.6614990234375,324.0489501953125,0.9999995231628418,573.7808227539062,457.223388671875,0.9999918937683105,579.6705322265625,553.8699951171875,0.9999972581863403,572.9253540039062,586.4422607421875,0.9999861717224121,638.5733032226562,329.3245544433594,0.9999866485595703,634.4931640625,452.3878479003906,0.999995231628418,633.0162963867188,568.07470703125,0.8334372043609619,640.3214721679688,589.26611328125,0.9999969005584717
30,566.6866455078125,325.46282958984375,0.9999985694885254,574.8098754882812,457.024169921875,0.9999918937683105,580.2169799804688,550.8601684570312,0.9999992847442627,573.4239501953125,585.0365600585938,0.9999961853027344,640.2869262695312,329.9231262207031,0.9999955892562866,634.576904296875,455.4654235839844,0.9999940395355225,632.720947265625,572.9528198242188,0.9997895359992981,638.6646728515625,595.8771362304688,0.9999973773956299
31,568.803955078125,325.56304931640625,0.9999958276748657,576.162841796875,456.0697021484375,0.9999973773956299,580.9873657226562,548.6682739257812,0.9999996423721313,574.1485595703125,583.9717407226562,0.9999980926513672,642.60986328125,330.4854431152344,0.999997615814209,635.0712280273438,456.8641052246094,0.9999890327453613,632.572265625,575.0477905273438,0.9999943971633911,638.5621337890625,601.164306640625,0.9999865293502808
32,570.97021484375,325.9482727050781,0.9999969005584717,577.3028564453125,455.43792724609375,0.9999992847442627,582.002197265625,547.0949096679688,0.9999996423721313,574.7564697265625,583.1653442382812,0.9999990463256836,644.7212524414062,330.1504821777344,0.9999977350234985,636.4810791015625,456.876708984375,0.9999876022338867,633.172119140625,575.6771850585938,0.9999966621398926,638.7703247070312,604.9151000976562,0.9999926090240479
33,573.5704345703125,324.7301330566406,0.9999961853027344,578.4676513671875,455.102294921875,0.9999994039535522,582.673583984375,544.7105102539062,0.9999995231628418,575.5835571289062,582.6918334960938,0.9999996423721313,646.6394653320312,329.0670166015625,0.9999951124191284,638.1951904296875,454.95135498046875,0.9999897480010986,633.4197387695312,575.9007568359375,0.9999951124191284,638.6317749023438,606.296142578125,0.9999929666519165
34,575.9246826171875,322.6354675292969,0.9999978542327881,579.83349609375,454.1654357910156,0.9999995231628418,582.9203491210938,541.9585571289062,0.9999982118606567,576.263916015625,582.02734375,0.9999997615814209,648.7037963867188,327.6492004394531,0.999990701675415,639.5363159179688,453.3005676269531,0.9999960660934448,633.8662719726562,574.239501953125,0.9999876022338867,638.1452026367188,605.6024780273438,0.9999914169311523
35,578.617919921875,320.32318115234375,0.9999988079071045,581.0701904296875,453.0029602050781,0.9999996423721313,583.7987670898438,539.2861938476562,0.9999977350234985,577.0211181640625,580.6884155273438,0.9999998807907104,650.789306640625,326.1986389160156,0.9999957084655762,640.5768432617188,452.4920959472656,0.9999979734420776,633.8627319335938,572.9644775390625,0.9999884366989136,638.0960083007812,604.3848876953125,0.9999897480010986
36,580.6646728515625,318.4238586425781,0.9999957084655762,581.7362670898438,452.7259521484375,0.9999996423721313,584.2205200195312,535.7578735351562,0.9999963045120239,577.64208984375,579.4583129882812,0.9999998807907104,652.3642578125,325.03778076171875,0.9999972581863403,641.3102416992188,451.7308654785156,0.9999983310699463,634.3521118164062,570.8280639648438,0.9999866485595703,637.6054077148438,602.4119873046875,0.9999881982803345
37,580.8458862304688,316.8315124511719,0.9999951124191284,581.94189453125,452.68804931640625,0.9999995231628418,584.47509765625,531.7470703125,0.9999990463256836,578.4181518554688,578.3075561523438,0.9999997615814209,653.1853637695312,324.0619812011719,0.999997615814209,641.8251953125,450.5327453613281,0.9999985694885254,634.9033203125,569.3746337890625,0.9999938011169434,637.481689453125,601.2123413085938,0.9999873638153076
38,581.3479614257812,316.181640625,0.9999954700469971,581.4573364257812,452.7418518066406,0.9999996423721313,585.4483032226562,525.86083984375,0.9999908208847046,579.6134033203125,576.8255004882812,0.9999996423721313,653.3125610351562,323.7143859863281,0.999997615814209,642.6539916992188,449.6563415527344,0.9999984502792358,635.1201171875,568.2434692382812,0.9999971389770508,637.435302734375,600.5230102539062,0.9999892711639404
39,581.9813232421875,314.0574035644531,0.9999943971633911,581.0639038085938,452.1279602050781,0.9999996423721313,587.1954956054688,521.5018310546875,0.9999879598617554,580.2640380859375,572.9022827148438,0.9999967813491821,653.5802612304688,323.153076171875,0.9999971389770508,643.1646118164062,449.1603698730469,0.9999980926513672,635.8815307617188,566.369140625,0.9999991655349731,637.7584228515625,599.0380249023438,0.9999943971633911
40,581.2796630859375,312.83251953125,0.9999980926513672,580.5738525390625,450.9006042480469,0.9999995231628418,588.3790893554688,517.4810180664062,0.9999972581863403,581.384765625,569.3564453125,0.9999949932098389,654.1273803710938,323.4369812011719,0.999996542930603,643.5000610351562,448.4090881347656,0.9999971389770508,635.9368896484375,564.6984252929688,0.9999995231628418,638.8153686523438,597.5603637695312,0.9999977350234985
41,582.252197265625,311.61474609375,0.9999984502792358,580.3316040039062,448.78302001953125,0.9999990463256836,589.5651245117188,515.2010498046875,0.9999974966049194,582.7349853515625,567.18212890625,0.9999979734420776,654.6743774414062,323.6358642578125,0.9999959468841553,643.7232666015625,447.07525634765625,0.9999942779541016,636.380859375,563.0089721679688,0.9999995231628418,639.1961669921875,595.642822265625,0.9999983310699463
42,583.0205688476562,310.83917236328125,0.9999983310699463,580.0343627929688,445.93109130859375,0.9999974966049194,591.1065063476562,514.8014526367188,0.9999988079071045,584.1707153320312,567.37939453125,0.9999936819076538,655.4931640625,323.6860046386719,0.999997615814209,644.4307250976562,446.29547119140625,0.9999949932098389,637.4039916992188,561.1996459960938,0.9999990463256836,639.3287353515625,594.2781982421875,0.9999973773956299
43,585.0565185546875,309.59930419921875,0.9999971389770508,580.0653076171875,441.7010192871094,0.9999966621398926,591.7719116210938,516.5578002929688,0.9999994039535522,584.7966918945312,569.9923095703125,0.9999717473983765,656.662841796875,322.8063049316406,0.9999985694885254,645.6175537109375,444.2519836425781,0.9999957084655762,638.2097778320312,559.1436767578125,0.9999959468841553,639.3408203125,592.5886840820312,0.9999960660934448
44,585.7483520507812,309.0534362792969,0.9999983310699463,580.8527221679688,439.6784362792969,0.9999985694885254,591.9426879882812,521.0618286132812,0.999994158744812,584.9139404296875,574.26806640625,0.9999901056289673,656.95166015625,321.755126953125,0.9999985694885254,645.927978515625,443.2852478027344,0.9999946355819702,638.984130859375,556.6847534179688,0.9999964237213135,639.5420532226562,590.0697021484375,0.9999924898147583
45,586.8760986328125,307.8677062988281,0.9999985694885254,582.2022705078125,436.6807556152344,0.9999995231628418,592.1004638671875,527.7688598632812,0.9999979734420776,584.953369140625,579.1646118164062,0.9999978542327881,657.758056640625,321.70953369140625,0.9999990463256836,646.8007202148438,442.61346435546875,0.9999921321868896,639.0152587890625,555.582275390625,0.9999966621398926,640.22412109375,588.448974609375,0.9999961853027344
46,587.75634765625,307.7234191894531,0.9999986886978149,584.3789672851562,435.6955871582031,0.999998927116394,590.7681884765625,536.3062744140625,0.9999806880950928,584.3006591796875,583.5556640625,0.9999972581863403,658.351806640625,321.86151123046875,0.9999990463256836,647.290283203125,442.4493103027344,0.999990701675415,639.2736206054688,554.0138549804688,0.9999971389770508,640.8902587890625,586.6624755859375,0.9999971389770508
47,588.6948852539062,307.7243957519531,0.9999985694885254,586.2178344726562,436.3807678222656,0.9999991655349731,589.4196166992188,545.786865234375,0.9999982118606567,583.0491333007812,585.3702392578125,0.9999963045120239,658.8748168945312,322.064208984375,0.9999991655349731,647.8388061523438,442.42987060546875,0.9999880790710449,639.3086547851562,553.1104736328125,0.9999953508377075,641.79931640625,585.0659790039062,0.9999977350234985
48,589.7739868164062,307.773681640625,0.9999983310699463,588.1046142578125,437.4117126464844,0.9999992847442627,588.3790893554688,551.3777465820312,0.9999926090240479,582.8983154296875,583.9702758789062,0.9999991655349731,659.8967895507812,322.08111572265625,0.9999992847442627,647.8197021484375,442.9183044433594,0.9999905824661255,638.8775634765625,553.0551147460938,0.9999964237213135,641.3910522460938,583.3561401367188,0.999998927116394
49,590.3068237304688,307.71435546875,0.9999979734420776,589.8831176757812,439.32855224609375,0.999997615814209,587.4168090820312,551.61669921875,0.9999487400054932,582.987548828125,576.2648315429688,0.9999986886978149,660.6395263671875,322.1513366699219,0.9999992847442627,647.8969116210938,443.2474365234375,0.999990701675415,639.0447998046875,551.758544921875,0.9999978542327881,641.6599731445312,581.5743408203125,0.9999994039535522
50,591.6364135742188,308.0831298828125,0.9999986886978149,591.2048950195312,441.0336608886719,0.9999909400939941,588.362060546875,546.8659057617188,0.03960830718278885,584.6300048828125,565.6522216796875,0.9999980926513672,661.48486328125,322.3060607910156,0.9999991655349731,648.3917236328125,443.3966369628906,0.9999877214431763,638.9198608398438,549.9982299804688,0.9999992847442627,641.7618408203125,579.725830078125,0.9999994039535522
51,592.0850219726562,309.07958984375,0.999998927116394,591.6911010742188,440.2727355957031,0.9999959468841553,589.1519775390625,537.4069213867188,0.010046851821243763,585.2420043945312,556.1075439453125,0.9997090697288513,662.0800170898438,322.8367004394531,0.9999990463256836,648.57421875,443.2603454589844,0.9999880790710449,638.9801635742188,548.1845092773438,0.9999995231628418,641.986328125,578.09912109375,0.9999994039535522
52,592.152587890625,309.8695373535156,0.9999990463256836,592.0844116210938,438.7561950683594,0.9999982118606567,589.0931396484375,535.6011962890625,0.0101828183978796,586.3914184570312,549.5012817382812,0.9998433589935303,662.0742797851562,323.359375,0.9999991655349731,648.534912109375,443.2790222167969,0.9999876022338867,639.3021240234375,546.5733032226562,0.9999994039535522,642.0404052734375,576.714111328125,0.9999990463256836
53,591.969970703125,310.9397277832031,0.9999986886978149,592.1351318359375,437.7428283691406,0.999998927116394,592.737060546875,442.52093505859375,0.000843094487208873,586.1928100585938,544.3963623046875,0.9995813965797424,661.62890625,324.1618347167969,0.9999992847442627,648.3936767578125,443.34912109375,0.9999874830245972,638.7369995117188,545.0511474609375,0.999998927116394,642.0380249023438,574.8463134765625,0.9999979734420776
54,590.9956665039062,311.35858154296875,0.9999973773956299,592.5814819335938,437.9753723144531,0.9999990463256836,595.943359375,532.567138671875,0.003251440357416868,587.0075073242188,546.217529296875,0.9992438554763794,661.0433349609375,324.8213806152344,0.9999992847442627,648.4775390625,443.9642639160156,0.9999885559082031,638.74853515625,543.03125,0.9999974966049194,642.4542846679688,572.8026733398438,0.9999984502792358
55,590.4392700195312,312.31378173828125,0.9999964237213135,592.64990234375,439.9346008300781,0.9999978542327881,595.251708984375,536.8369140625,0.04118691384792328,587.7662963867188,552.0386352539062,0.9995197057723999,660.4724731445312,325.46563720703125,0.9999992847442627,648.486328125,444.0450744628906,0.9999901056289673,638.8977661132812,542.189697265625,0.9999964237213135,642.5029296875,570.72314453125,0.9999986886978149
56,590.6215209960938,313.0775146484375,0.999994158744812,592.7129516601562,442.6824645996094,0.9999970197677612,595.8184814453125,540.6104736328125,0.02910895086824894,589.5447387695312,555.6752319335938,0.9998538494110107,660.6322631835938,326.46417236328125,0.999998927116394,649.233154296875,444.8345947265625,0.9999866485595703,639.3984985351562,540.9058227539062,0.9999980926513672,643.113525390625,569.3987426757812,0.9999990463256836
57,591.07421875,314.11077880859375,0.9999885559082031,593.608154296875,445.8788146972656,0.9999986886978149,597.1173095703125,548.4906616210938,0.02556265890598297,590.4312744140625,563.2319946289062,0.9999301433563232,660.8277587890625,327.0025634765625,0.9999986886978149,649.4461669921875,445.0614013671875,0.9999852180480957,640.0802001953125,539.726806640625,0.9999984502792358,642.9189453125,567.800537109375,0.9999986886978149
58,591.0902709960938,315.1142272949219,0.9999908208847046,594.1570434570312,449.0547180175781,0.9999996423721313,596.9515991210938,551.52294921875,0.0009103726479224861,591.9940185546875,570.4915161132812,0.9999926090240479,660.9046020507812,327.192138671875,0.9999985694885254,650.2200317382812,445.14013671875,0.9999830722808838,640.6756591796875,537.6278686523438,0.9999980926513672,643.0348510742188,565.9888305664062,0.9999994039535522
59,591.1101684570312,315.88287353515625,0.9999918937683105,594.4743041992188,449.3188781738281,0.9999996423721313,593.9583129882812,460.3538818359375,0.0009135868749581277,594.2037963867188,573.0281372070312,0.9999972581863403,661.0048828125,327.6213073730469,0.9999982118606567,650.1375122070312,445.09014892578125,0.999983549118042,641.7555541992188,535.7440185546875,0.9999992847442627,643.3955078125,564.5018310546875,0.9999996423721313
60,590.7052612304688,315.8857727050781,0.9999904632568359,594.8165893554688,448.807373046875,0.9999995231628418,597.9494018554688,552.6348876953125,0.009275301359593868,594.9567260742188,574.6893920898438,0.9999980926513672,661.2149658203125,327.8743591308594,0.9999979734420776,650.1319580078125,445.3711853027344,0.999985933303833,642.4195556640625,533.976318359375,0.9999997615814209,643.5388793945312,563.1474609375,0.9999996423721313
61,590.5357666015625,315.8625183105469,0.9999915361404419,594.3748168945312,448.1131591796875,0.9999991655349731,599.2097778320312,555.524658203125,0.3698808550834656,594.024169921875,577.0557861328125,0.9999995231628418,661.258544921875,328.2793273925781,0.999997615814209,649.1598510742188,445.8846130371094,0.9999896287918091,642.9132690429688,531.7156372070312,0.9999997615814209,644.0751342773438,562.1199340820312,0.9999996423721313
62,589.8681640625,315.18499755859375,0.9999864101409912,593.9476928710938,447.53851318359375,0.9999984502792358,598.5731201171875,557.5477905273438,0.991608202457428,592.1597290039062,578.8450927734375,0.9999992847442627,661.1023559570312,327.3526611328125,0.9999984502792358,650.1058959960938,446.37396240234375,0.9999905824661255,644.166015625,529.9390258789062,0.9999996423721313,644.7544555664062,561.3568115234375,0.9999992847442627
63,588.93896484375,314.6880187988281,0.9999814033508301,594.11083984375,447.3740234375,0.9999982118606567,597.9227905273438,559.2423095703125,0.9999425411224365,590.9667358398438,582.4287109375,0.9999984502792358,661.2047119140625,326.28216552734375,0.999998927116394,651.951171875,447.85223388671875,0.9999954700469971,645.7811279296875,527.11181640625,0.9999973773956299,645.5228881835938,560.7506103515625,0.9999982118606567
64,587.75244140625,314.7766418457031,0.9999806880950928,594.0444946289062,447.19000244140625,0.999997615814209,597.736572265625,560.111572265625,0.9999812841415405,589.8934936523438,584.5394287109375,0.9999940395355225,660.0391845703125,324.73248291015625,0.9999991655349731,652.9208984375,450.3182067871094,0.9999970197677612,647.2577514648438,523.5258178710938,0.9999970197677612,645.2022705078125,561.4539184570312,0.9999982118606567
65,586.7232055664062,315.1419677734375,0.9999755620956421,593.6484375,447.17144775390625,0.9999974966049194,598.283203125,559.8004760742188,0.9999947547912598,589.6669311523438,585.757080078125,0.9999808073043823,659.1869506835938,323.946044921875,0.9999991655349731,652.955322265625,453.3748779296875,0.9999969005584717,649.8815307617188,519.015869140625,0.9999985694885254,645.6514282226562,561.3527221679688,0.9999979734420776
66,585.8389892578125,315.6056823730469,0.9999748468399048,592.5354614257812,446.73614501953125,0.9999963045120239,598.272705078125,559.5563354492188,0.999996542930603,590.1809692382812,586.5950317382812,0.9999740123748779,658.7686767578125,324.3042297363281,0.9999992847442627,652.818359375,454.76837158203125,0.9999945163726807,650.4381713867188,516.5458984375,0.9999990463256836,647.5145263671875,560.5050048828125,0.9999946355819702
67,585.4122924804688,315.633544921875,0.9999799728393555,591.7252197265625,446.8790588378906,0.9999947547912598,598.2780151367188,559.1038818359375,0.9999967813491821,590.373779296875,587.02783203125,0.9999722242355347,658.198974609375,324.3794860839844,0.9999994039535522,651.5444946289062,455.3553161621094,0.9999909400939941,650.6332397460938,514.89990234375,0.9999991655349731,650.7400512695312,560.4939575195312,0.9999867677688599
68,584.7794799804688,315.8379211425781,0.9999861717224121,591.6580810546875,446.7081298828125,0.9999953508377075,598.5288696289062,558.5028076171875,0.9999970197677612,590.3297729492188,587.2508544921875,0.9999784231185913,657.8496704101562,323.76995849609375,0.9999991655349731,650.1210327148438,454.4477844238281,0.9999940395355225,650.033935546875,517.312744140625,0.9999991655349731,650.12646484375,564.3634033203125,0.9999963045120239
69,584.509765625,315.7076416015625,0.9999885559082031,591.76611328125,446.7131042480469,0.9999966621398926,598.7999267578125,557.7155151367188,0.9999977350234985,590.790771484375,587.1848754882812,0.9999873638153076,657.4110107421875,322.75146484375,0.9999986886978149,648.5918579101562,452.0317077636719,0.9999923706054688,647.8084716796875,522.8052978515625,0.9999963045120239,648.3759155273438,570.895263671875,0.9999963045120239
70,584.3567504882812,315.7472229003906,0.99998939037323,591.420166015625,446.8258972167969,0.9999971389770508,598.3737182617188,556.925048828125,0.9999979734420776,591.2708740234375,587.7590942382812,0.9999951124191284,656.7853393554688,322.5483093261719,0.9999980926513672,647.8403930664062,447.3017272949219,0.9999874830245972,646.368896484375,532.6681518554688,0.9999995231628418,645.6590576171875,577.9363403320312,0.9999997615814209
71,584.2007446289062,316.0035400390625,0.9999901056289673,591.6253662109375,447.30621337890625,0.9999977350234985,598.1207275390625,556.3012084960938,0.9999974966049194,591.7621459960938,588.0153198242188,0.9999969005584717,656.4873046875,322.14654541015625,0.9999974966049194,646.6859130859375,442.61199951171875,0.9999896287918091,644.7208862304688,543.6419067382812,0.9999970197677612,645.7301025390625,586.593994140625,0.9999985694885254
72,584.2611083984375,316.2875671386719,0.9999895095825195,592.1025390625,447.9784240722656,0.9999979734420776,597.899658203125,554.3734130859375,0.9999960660934448,592.6328735351562,588.1052856445312,0.9999985694885254,656.73583984375,321.930419921875,0.9999973773956299,647.4215698242188,440.9706726074219,0.9999792575836182,644.2333374023438,552.6141357421875,0.9999983310699463,649.1693115234375,590.819580078125,0.9999961853027344
73,584.37353515625,316.64599609375,0.9999885559082031,592.9216918945312,448.9757080078125,0.9999986886978149,598.8103637695312,552.2794189453125,0.9999942779541016,592.9783325195312,586.889892578125,0.9999985694885254,656.4891357421875,322.5311279296875,0.9999974966049194,648.8109130859375,440.2886047363281,0.9999730587005615,645.9489135742188,558.79833984375,0.9999974966049194,653.7205200195312,591.2774658203125,0.9999932050704956
74,584.661376953125,316.96856689453125,0.9999885559082031,593.6048583984375,449.984375,0.9999994039535522,599.8533935546875,550.8936157226562,0.9999957084655762,593.6461791992188,585.5828247070312,0.9999990463256836,656.9839477539062,323.5997314453125,0.9999984502792358,651.021484375,441.4187316894531,0.9999632835388184,649.7173461914062,561.3595581054688,0.9999938011169434,656.9086303710938,586.0910034179688,0.9999833106994629
75,584.3963012695312,317.3124694824219,0.9999891519546509,593.9814453125,450.7006530761719,0.9999994039535522,600.847412109375,550.9192504882812,0.9999921321868896,593.637939453125,584.025390625,0.9999994039535522,657.2166137695312,324.7598571777344,0.9999986886978149,652.6636352539062,444.2733154296875,0.9999598264694214,649.496337890625,559.7848510742188,0.10854534059762955,659.1884765625,576.624755859375,0.9999980926513672
76,584.4466552734375,318.0097961425781,0.9999887943267822,594.9308471679688,451.6040344238281,0.9999995231628418,601.5831298828125,551.0180053710938,0.9999934434890747,594.090087890625,583.072021484375,0.9999995231628418,657.1761474609375,325.7806701660156,0.9999982118606567,653.5465087890625,445.9024963378906,0.9999521970748901,594.8555908203125,459.6363830566406,0.0007867762469686568,661.21142578125,571.0443725585938,0.9999884366989136
77,584.6893310546875,318.0932922363281,0.9999865293502808,595.527587890625,452.3633728027344,0.9999995231628418,602.1549682617188,549.8413696289062,0.9999955892562866,594.0958862304688,581.8904418945312,0.9999996423721313,657.355224609375,326.773681640625,0.9999973773956299,654.1537475585938,446.7138366699219,0.9999412298202515,594.9669799804688,459.64190673828125,0.000830247940029949,662.099365234375,572.9783325195312,0.9999821186065674
78,585.62451171875,317.9163513183594,0.9999818801879883,596.0291137695312,453.6873474121094,0.9999994039535522,602.5625,547.95361328125,0.9999960660934448,594.6403198242188,580.8975219726562,0.9999997615814209,657.4512329101562,327.03936767578125,0.9999972581863403,654.2576293945312,447.6079406738281,0.9999648332595825,655.6132202148438,563.286865234375,0.003650287166237831,661.8106079101562,579.9920043945312,0.9999992847442627
79,586.1949462890625,318.4269104003906,0.9999898672103882,596.4361572265625,454.1804504394531,0.9999994039535522,602.5673217773438,545.6704711914062,0.9999939203262329,595.3069458007812,579.4425659179688,0.9999998807907104,657.6085205078125,327.13031005859375,0.999997615814209,653.6187133789062,450.31329345703125,0.9999932050704956,651.4804077148438,565.7540283203125,0.4412677586078644,659.5154418945312,585.9760131835938,0.9999963045120239
80,587.135009765625,317.9065856933594,0.9999898672103882,597.1271362304688,454.4657897949219,0.9999995231628418,602.7786865234375,542.6080932617188,0.999977707862854,595.5407104492188,577.822021484375,0.9999997615814209,659.0272827148438,327.038818359375,0.9999983310699463,653.1880493164062,453.04693603515625,0.9999949932098389,650.3329467773438,570.8895263671875,0.9989637136459351,656.7628173828125,595.0994873046875,0.9999992847442627
81,588.2105712890625,317.736572265625,0.9999879598617554,597.8335571289062,454.5847473144531,0.9999992847442627,602.6636352539062,540.348876953125,0.9999631643295288,595.6421508789062,577.2490844726562,0.9999997615814209,660.6480712890625,326.4640197753906,0.9999985694885254,653.6661987304688,453.68951416015625,0.999994158744812,649.6566772460938,574.1104125976562,0.9999755620956421,655.6769409179688,603.7244873046875,0.9999946355819702
82,589.4277954101562,316.30145263671875,0.9999741315841675,598.6064453125,453.6640319824219,0.9999991655349731,603.0865478515625,538.109375,0.9999798536300659,595.3154907226562,576.3928833007812,0.9999995231628418,661.5117797851562,325.3936767578125,0.9999988079071045,655.49462890625,453.3719482421875,0.9999958276748657,649.9627685546875,575.2389526367188,0.9999842643737793,654.6327514648438,606.9204711914062,0.9999915361404419
83,590.7197265625,314.6288146972656,0.9999809265136719,598.868408203125,452.2489929199219,0.9999990463256836,602.8768920898438,534.885986328125,0.9999977350234985,595.350830078125,575.0411987304688,0.9999991655349731,662.555419921875,323.25140380859375,0.999998927116394,656.1597290039062,451.5478515625,0.9999973773956299,649.814208984375,573.30029296875,0.999977707862854,654.3615112304688,605.9365234375,0.9999904632568359
84,592.3977661132812,311.98193359375,0.9999973773956299,598.5057983398438,451.1241760253906,0.9999991655349731,602.5468139648438,530.6651000976562,0.9999986886978149,595.1597290039062,573.840087890625,0.9999992847442627,664.2192993164062,320.29119873046875,0.9999953508377075,656.2434692382812,450.1283264160156,0.9999970197677612,649.8480224609375,571.22802734375,0.9999804496765137,653.9707641601562,603.9149169921875,0.99998939037323
85,593.8806762695312,309.892578125,0.9999992847442627,597.1066284179688,450.4093322753906,0.9999995231628418,601.55908203125,525.5640869140625,0.9999912977218628,595.1608276367188,572.6403198242188,0.9999990463256836,665.1997680664062,317.7425231933594,0.9999852180480957,656.596435546875,449.1044006347656,0.9999960660934448,650.0030517578125,569.8764038085938,0.9999790191650391,653.9786987304688,601.74609375,0.9999818801879883
86,594.68701171875,306.9814453125,0.9999995231628418,595.82763671875,450.8013916015625,0.9999995231628418,601.0346069335938,521.1433715820312,0.9999899864196777,594.9371337890625,570.9566040039062,0.999997615814209,665.6585083007812,316.4444580078125,0.9999821186065674,656.4848022460938,448.2926940917969,0.9999945163726807,649.5510864257812,567.60595703125,0.9999961853027344,653.2852783203125,599.9276123046875,0.9999918937683105
87,595.1677856445312,305.73590087890625,0.9999992847442627,594.2506713867188,449.6849670410156,0.9999992847442627,600.8654174804688,516.7610473632812,0.9999984502792358,594.4674682617188,567.601806640625,0.9999994039535522,665.544921875,316.22021484375,0.9999793767929077,656.5101928710938,446.7859191894531,0.999985933303833,649.3642578125,566.2508544921875,0.9999978542327881,653.1593627929688,598.1680297851562,0.9999970197677612
88,595.1117553710938,305.8014831542969,0.9999992847442627,592.4931640625,448.0457763671875,0.9999970197677612,600.3740234375,512.4503784179688,0.9999966621398926,593.9917602539062,564.5193481445312,0.9999996423721313,665.2598876953125,316.55224609375,0.9999808073043823,656.2456665039062,445.62255859375,0.9999876022338867,649.0264892578125,564.2972412109375,0.9999988079071045,652.4086303710938,596.6282348632812,0.9999979734420776
89,594.895751953125,305.4700622558594,0.9999994039535522,591.1162719726562,446.01568603515625,0.9999921321868896,600.0194091796875,510.114990234375,0.9999947547912598,593.0836791992188,562.13525390625,0.9999994039535522,665.1205444335938,316.6045837402344,0.9999802112579346,655.4500122070312,444.25396728515625,0.9999819993972778,648.517333984375,562.3073120117188,0.999998927116394,651.8563842773438,594.9948120117188,0.999997615814209
90,595.155029296875,305.1920166015625,0.9999992847442627,590.6156616210938,442.2195739746094,0.9999849796295166,599.3014526367188,510.0812683105469,0.9999964237213135,592.3955688476562,562.8809814453125,0.9999992847442627,665.4904174804688,316.4586486816406,0.9999762773513794,655.020751953125,443.1276550292969,0.9999794960021973,648.4300537109375,560.62548828125,0.9999984502792358,651.8468627929688,592.9849243164062,0.9999957084655762
91,595.8463745117188,304.8348693847656,0.999998927116394,590.1719360351562,438.919921875,0.9999967813491821,598.209716796875,512.8224487304688,0.9999994039535522,591.7244873046875,565.2464599609375,0.9999984502792358,666.1685791015625,315.82244873046875,0.9999774694442749,654.8692626953125,442.0751953125,0.9999738931655884,647.8870239257812,558.1912841796875,0.9999959468841553,650.843017578125,590.7518920898438,0.9999854564666748
92,596.9481201171875,304.4228820800781,0.9999980926513672,590.2273559570312,435.74237060546875,0.9999985694885254,596.9185791015625,518.0995483398438,0.9999996423721313,590.7086181640625,569.8510131835938,0.9999707937240601,666.1954345703125,315.18255615234375,0.9999747276306152,654.8024291992188,441.7648620605469,0.9999786615371704,647.4489135742188,556.900634765625,0.9999979734420776,650.2586059570312,587.9962768554688,0.9999802112579346
93,597.5631103515625,304.04913330078125,0.9999967813491821,590.3543701171875,433.81640625,0.9999988079071045,595.1898193359375,525.2656860351562,0.9999985694885254,588.8392333984375,576.1867065429688,0.9999915361404419,666.4840698242188,314.864013671875,0.9999731779098511,654.420654296875,441.7600402832031,0.9999830722808838,646.4701538085938,555.8433227539062,0.9999988079071045,649.5186157226562,586.7244262695312,0.9999868869781494
94,597.6295166015625,303.8343505859375,0.9999958276748657,591.6287231445312,433.8807373046875,0.9999991655349731,593.6659545898438,535.134521484375,0.9999985694885254,588.0491333007812,580.58984375,0.9999963045120239,666.5364990234375,315.8547058105469,0.999976396560669,654.1890258789062,441.8516540527344,0.9999821186065674,645.71142578125,554.2455444335938,0.999998927116394,649.8724365234375,584.874755859375,0.9999933242797852
95,598.0108032226562,304.0507507324219,0.9999957084655762,592.80029296875,434.3043518066406,0.9999996423721313,592.3389892578125,544.3677368164062,0.9999988079071045,586.8822631835938,583.65625,0.999993085861206,666.73388671875,316.1986999511719,0.9999772310256958,654.4984741210938,442.0309143066406,0.9999809265136719,645.5985717773438,553.5023193359375,0.9999980926513672,649.6002197265625,583.6499633789062,0.9999964237213135
96,598.1730346679688,304.2265930175781,0.9999960660934448,593.5619506835938,435.6933288574219,0.9999997615814209,590.9725341796875,550.39013671875,0.9999957084655762,584.668212890625,582.7247314453125,0.9999983310699463,666.646728515625,315.9853515625,0.9999741315841675,654.5382690429688,441.72772216796875,0.9999849796295166,645.7105102539062,552.6805419921875,0.9999983310699463,648.91015625,581.5234985351562,0.9999991655349731
97,598.3551635742188,304.3507995605469,0.9999964237213135,594.4562377929688,437.2369689941406,0.9999997615814209,589.93310546875,551.552490234375,0.9999579191207886,583.8267211914062,576.1813354492188,0.9999967813491821,666.60302734375,315.84637451171875,0.9999725818634033,654.4238891601562,441.6592102050781,0.9999873638153076,645.4472045898438,551.0747680664062,0.9999995231628418,648.4512329101562,579.5512084960938,0.9999992847442627
98,598.7261962890625,304.6183776855469,0.9999969005584717,594.6883544921875,439.2988586425781,0.9999995231628418,589.8551635742188,546.8833618164062,0.16918466985225677,585.420654296875,564.3412475585938,0.9999953508377075,666.7893676757812,315.92626953125,0.9999738931655884,654.6036987304688,442.1572265625,0.9999802112579346,645.389892578125,549.30517578125,0.9999997615814209,648.5471801757812,577.5281372070312,0.9999985694885254
99,598.5447998046875,305.0112609863281,0.9999980926513672,594.7650146484375,438.157470703125,0.9999996423721313,590.116455078125,537.1456909179688,0.007384302094578743,586.7841796875,554.7943115234375,0.9997493624687195,666.7605590820312,316.6159973144531,0.9999758005142212,654.848388671875,441.803955078125,0.9999829530715942,645.1806640625,547.3089599609375,0.9999998807907104,648.6106567382812,575.5863037109375,0.9999966621398926
100,598.3197631835938,305.91571044921875,0.999998927116394,595.061767578125,436.14154052734375,0.9999997615814209,594.0809936523438,534.6736450195312,0.008636017329990864,587.0848999023438,549.46533203125,0.9996321201324463,666.4602661132812,317.7155456542969,0.9999786615371704,654.6860961914062,441.91058349609375,0.9999852180480957,645.0458374023438,545.7282104492188,0.9999997615814209,648.1406860351562,573.5892944335938,0.9999936819076538
101,598.2471923828125,307.2526550292969,0.9999991655349731,595.5296630859375,435.6361389160156,0.9999997615814209,595.938232421875,532.9779052734375,0.0024551653768867254,587.176513671875,545.3964233398438,0.9995119571685791,666.6217651367188,318.6111145019531,0.9999890327453613,654.6174926757812,441.93634033203125,0.9999836683273315,644.4151000976562,543.4110107421875,0.9999992847442627,647.9974975585938,571.915771484375,0.9999949932098389
102,597.6132202148438,307.8736572265625,0.9999994039535522,596.674560546875,436.22161865234375,0.9999997615814209,597.5509643554688,534.1351928710938,0.022657375782728195,589.0191650390625,548.0620727539062,0.9987389445304871,666.4891357421875,319.8939514160156,0.9999945163726807,654.51708984375,442.38214111328125,0.9999803304672241,643.790283203125,542.0140991210938,0.9999990463256836,647.8029174804688,570.4735717773438,0.9999967813491821
103,597.4609985351562,308.4269104003906,0.9999992847442627,597.1452026367188,438.1893310546875,0.9999996423721313,598.3782958984375,537.8556518554688,0.12408638745546341,592.5798950195312,553.36962890625,0.9992627501487732,666.6818237304688,320.48565673828125,0.9999958276748657,653.9513549804688,442.974365234375,0.9999823570251465,644.0476684570312,540.8035278320312,0.9999992847442627,648.5397338867188,568.47607421875,0.999996542930603
104,597.4683227539062,309.23052978515625,0.9999994039535522,598.4530029296875,442.33111572265625,0.9999970197677612,600.40185546875,545.01123046875,0.027274692431092262,594.2792358398438,557.8595581054688,0.9998511075973511,666.874755859375,321.4927062988281,0.9999970197677612,654.7577514648438,443.6328125,0.9999899864196777,644.4368286132812,539.7352905273438,0.9999992847442627,648.2059326171875,566.4586181640625,0.9999990463256836
105,597.5274658203125,310.7410583496094,0.9999990463256836,599.5765380859375,445.6234436035156,0.9999971389770508,662.3910522460938,317.59637451171875,0.0014990366762503982,595.872802734375,565.615234375,0.9999982118606567,667.1455688476562,322.41448974609375,0.9999973773956299,655.2938232421875,443.9065246582031,0.9999948740005493,645.408203125,537.8897705078125,0.9999984502792358,648.9237670898438,564.59375,0.9999986886978149
106,597.7938232421875,311.71514892578125,0.9999985694885254,600.553466796875,447.2855224609375,0.9999942779541016,662.1689453125,317.2834777832031,0.0014774230076000094,598.4557495117188,570.9652709960938,0.9999948740005493,667.404052734375,323.4029846191406,0.9999974966049194,655.886474609375,443.9513244628906,0.9999970197677612,646.5548095703125,536.3763427734375,0.999998927116394,649.4599609375,563.326416015625,0.9999984502792358
107,597.6070556640625,311.9958801269531,0.9999982118606567,601.1979370117188,446.4290466308594,0.9999939203262329,662.0753784179688,317.3307189941406,0.0015149646205827594,600.6361083984375,573.1204223632812,0.9999926090240479,667.5916137695312,323.6779479980469,0.9999973773956299,655.8836669921875,443.9757995605469,0.9999971389770508,646.7868041992188,534.302490234375,0.9999996423721313,649.7035522460938,561.3076171875,0.9999966621398926
108,596.9972534179688,311.3067321777344,0.9999988079071045,601.0750732421875,445.5726013183594,0.9999947547912598,606.0034790039062,551.7800903320312,0.007981302216649055,600.839599609375,574.560302734375,0.9999946355819702,667.6087036132812,323.3525085449219,0.9999971389770508,655.7584838867188,443.46343994140625,0.9999971389770508,647.44482421875,531.9069213867188,0.9999995231628418,649.5109252929688,560.0629272460938,0.9999920129776001
109,595.7613525390625,310.23846435546875,0.9999994039535522,600.3403930664062,444.56561279296875,0.9999966621398926,605.34326171875,552.7634887695312,0.3476760983467102,599.8865966796875,575.8281860351562,0.9999970197677612,667.0756225585938,322.830322265625,0.9999967813491821,655.4747314453125,443.2956237792969,0.9999969005584717,648.094482421875,528.848876953125,0.9999979734420776,649.557861328125,558.4129028320312,0.9999798536300659
110,595.6195068359375,309.211669921875,0.9999996423721313,600.4431762695312,443.5774230957031,0.9999963045120239,604.4483642578125,554.0552368164062,0.9881398677825928,598.38134765625,577.9539794921875,0.9999994039535522,666.3622436523438,320.43389892578125,0.9999954700469971,655.4970703125,443.3849792480469,0.9999973773956299,648.7311401367188,526.5690307617188,0.9999951124191284,649.9351806640625,557.285400390625,0.999961256980896
111,594.3452758789062,308.8439636230469,0.9999996423721313,600.6672973632812,443.27734375,0.999995231628418,604.2584228515625,554.0851440429688,0.9995964169502258,597.2399291992188,579.5685424804688,0.9999996423721313,665.7968139648438,318.4309997558594,0.9999861717224121,656.3521728515625,444.66180419921875,0.9999979734420776,650.2931518554688,522.3104248046875,0.9999940395355225,650.2985229492188,556.86865234375,0.9999712705612183
112,593.2393798828125,308.70343017578125,0.9999996423721313,600.340576171875,442.8237609863281,0.9999947547912598,604.0662841796875,554.64013671875,0.9999223947525024,595.9790649414062,580.7083740234375,0.9999996423721313,664.176513671875,316.57598876953125,0.9999874830245972,656.9909057617188,445.6825866699219,0.9999974966049194,652.0645141601562,516.9888305664062,0.999998927116394,649.8594360351562,558.1546020507812,0.9999728202819824
113,592.4899291992188,308.9102783203125,0.9999994039535522,600.3399047851562,442.54962158203125,0.9999940395355225,603.7359619140625,554.5701293945312,0.9999520778656006,595.2041015625,581.9996337890625,0.9999992847442627,663.3779907226562,316.20269775390625,0.999993085861206,656.0645751953125,447.85968017578125,0.9999940395355225,653.7791137695312,512.4727783203125,0.9999974966049194,650.3079223632812,557.3311157226562,0.9999606609344482
114,591.8880004882812,308.9426574707031,0.9999992847442627,599.6082763671875,441.8991394042969,0.9999951124191284,603.755615234375,553.350341796875,0.9999760389328003,594.961181640625,582.3916625976562,0.9999991655349731,662.6485595703125,315.7590637207031,0.9999954700469971,655.5602416992188,448.9115905761719,0.9999910593032837,653.603271484375,508.8966979980469,0.9999887943267822,653.0386352539062,554.62451171875,0.9999723434448242
115,590.0156860351562,308.56427001953125,0.999998927116394,598.1887817382812,441.70343017578125,0.9999973773956299,603.0106811523438,552.8639526367188,0.9999862909317017,594.34912109375,582.52001953125,0.9999992847442627,662.22607421875,315.0604248046875,0.9999967813491821,653.7980346679688,449.0054626464844,0.9999878406524658,652.8121337890625,509.57965087890625,0.9999899864196777,655.0194091796875,557.0565185546875,0.9999821186065674
116,589.2718505859375,308.4609069824219,0.9999991655349731,597.0159912109375,441.4342956542969,0.9999977350234985,602.5484619140625,552.1343383789062,0.9999920129776001,594.1771850585938,582.525146484375,0.9999994039535522,661.1561889648438,314.08563232421875,0.9999973773956299,652.7166748046875,447.6772155761719,0.9999865293502808,651.1546020507812,514.4527587890625,0.999998927116394,652.8632202148438,562.5900268554688,0.9999963045120239
117,588.5792236328125,308.6090087890625,0.9999990463256836,596.4124145507812,441.8598937988281,0.9999984502792358,601.7626953125,552.061279296875,0.9999924898147583,594.3413696289062,582.7013549804688,0.9999996423721313,659.037841796875,313.5313415527344,0.999997615814209,652.140380859375,444.0434875488281,0.9999740123748779,649.107421875,522.1280517578125,0.9999877214431763,650.447265625,570.161376953125,0.9999910593032837
118,587.6349487304688,308.7695007324219,0.9999990463256836,595.4716796875,441.98223876953125,0.9999985694885254,600.7433471679688,550.8759155273438,0.9999942779541016,594.490478515625,582.7041625976562,0.9999998807907104,657.8679809570312,313.5593566894531,0.9999972581863403,650.348876953125,439.8044738769531,0.9999862909317017,647.6138916015625,533.7274169921875,0.9999985694885254,650.8330688476562,576.8087158203125,0.9999954700469971
119,586.756591796875,308.5229187011719,0.9999988079071045,594.9952392578125,442.4523010253906,0.9999988079071045,600.2364501953125,550.0652465820312,0.9999954700469971,594.4894409179688,582.65869140625,0.9999998807907104,656.87158203125,313.186279296875,0.999995231628418,650.343994140625,436.3238525390625,0.9999935626983643,645.3062744140625,544.21142578125,0.999997615814209,653.1443481445312,583.3226928710938,0.9999971389770508
120,585.7177734375,308.6663513183594,0.9999985694885254,594.8854370117188,443.394775390625,0.9999988079071045,599.945556640625,547.620849609375,0.9999972581863403,594.4147338867188,582.0150756835938,0.9999998807907104,656.0923461914062,313.2730712890625,0.9999935626983643,650.5789184570312,435.21875,0.9999918937683105,645.348388671875,551.9334106445312,0.9999988079071045,655.19482421875,585.0919189453125,0.9999969005584717
121,584.0822143554688,309.09979248046875,0.9999977350234985,594.5774536132812,444.17608642578125,0.9999988079071045,599.4605102539062,546.3056640625,0.9999982118606567,594.1285400390625,580.8937377929688,0.9999998807907104,655.5250244140625,313.6900329589844,0.999993085861206,650.61376953125,434.73480224609375,0.999991774559021,646.2650756835938,556.3582153320312,0.9999973773956299,654.259521484375,582.6801147460938,0.9999920129776001
122,583.6661376953125,309.3060302734375,0.9999983310699463,594.4393920898438,445.3717041015625,0.9999986886978149,600.1069946289062,545.6123657226562,0.9999967813491821,593.8279418945312,579.1404418945312,0.9999998807907104,654.9008178710938,314.4305114746094,0.9999914169311523,650.7459716796875,436.60418701171875,0.9999926090240479,646.6699829101562,552.426513671875,0.04922686889767647,656.3106079101562,572.6289672851562,0.9999964237213135
123,582.250244140625,309.41925048828125,0.9999991655349731,594.278564453125,446.2423095703125,0.9999980926513672,600.2625732421875,544.8606567382812,0.9999938011169434,593.6969604492188,577.8848876953125,0.9999996423721313,653.750244140625,315.8683776855469,0.9999822378158569,651.2630004882812,438.5107727050781,0.999993085861206,592.8868408203125,441.0140686035156,0.001538560027256608,657.0402221679688,567.9266357421875,0.9999970197677612
124,581.7357788085938,310.06341552734375,0.9999992847442627,594.3081665039062,447.3075866699219,0.9999978542327881,600.4329833984375,543.280517578125,0.9999828338623047,593.7367553710938,576.7476196289062,0.9999992847442627,653.0491943359375,317.377685546875,0.9999796152114868,651.4315185546875,439.8383483886719,0.9999911785125732,592.6340942382812,440.86822509765625,0.001368346274830401,657.13427734375,568.3707275390625,0.999994158744812
125,582.1284790039062,310.73748779296875,0.9999990463256836,594.3204345703125,449.2851257324219,0.9999979734420776,600.2818603515625,542.097900390625,0.9999860525131226,593.262451171875,575.4669189453125,0.9999980926513672,652.9197387695312,318.50726318359375,0.9999924898147583,650.8602905273438,441.483642578125,0.9999815225601196,592.3983154296875,440.3587341308594,0.000969975080806762,655.87158203125,574.7700805664062,0.9999910593032837
126,582.4918212890625,311.9245910644531,0.9999978542327881,593.8204345703125,450.6080627441406,0.9999986886978149,600.1832885742188,540.8303833007812,0.9999881982803345,593.5551147460938,574.8173217773438,0.9999967813491821,652.674560546875,319.356201171875,0.9999958276748657,649.459228515625,445.0657958984375,0.9999687671661377,645.4724731445312,562.4812622070312,0.04706059396266937,653.0586547851562,581.8137817382812,0.9999977350234985
127,582.5482788085938,311.7281188964844,0.9999978542327881,593.422119140625,451.651123046875,0.9999988079071045,599.5809326171875,538.83544921875,0.9999934434890747,593.2528686523438,574.8948364257812,0.9999983310699463,653.02734375,319.8974609375,0.999996542930603,648.5758056640625,448.31640625,0.9999892711639404,643.0458374023438,567.2571411132812,0.9994664788246155,650.7455444335938,592.165771484375,0.9999947547912598
128,582.5263061523438,311.30224609375,0.9999983310699463,593.4432983398438,451.9107360839844,0.9999988079071045,599.2821655273438,536.6036987304688,0.9999947547912598,593.0432739257812,575.283203125,0.999998927116394,653.4667358398438,319.76483154296875,0.9999951124191284,648.665771484375,449.0792541503906,0.9999924898147583,642.72607421875,572.358154296875,0.9999977350234985,650.1467895507812,601.3198852539062,0.9999912977218628
129,583.388671875,309.8489074707031,0.9999983310699463,593.5319213867188,451.5699768066406,0.999998927116394,598.6746215820312,534.8062133789062,0.9999990463256836,593.078125,574.985595703125,0.9999991655349731,654.1569213867188,318.10430908203125,0.9999828338623047,649.6112670898438,447.6848449707031,0.9999892711639404,642.196044921875,573.6981201171875,0.9999964237213135,648.6964721679688,605.3107299804688,0.9999828338623047
130,584.1800537109375,307.65826416015625,0.9999978542327881,593.3096313476562,451.4282531738281,0.9999986886978149,597.7041625976562,531.7105102539062,0.9999997615814209,593.0859375,573.9466552734375,0.9999991655349731,655.2803344726562,315.837890625,0.9999923706054688,649.2575073242188,446.977294921875,0.9999771118164062,641.3998413085938,573.0030517578125,0.9999963045120239,647.9124755859375,604.6878662109375,0.9999866485595703
131,585.3680419921875,306.12200927734375,0.9999969005584717,592.8347778320312,451.1826477050781,0.9999986886978149,596.796142578125,527.2374877929688,0.9999986886978149,592.9038696289062,573.7551879882812,0.9999990463256836,656.0389404296875,313.0400390625,0.9999920129776001,649.0380249023438,446.3072814941406,0.9999681711196899,640.5059814453125,572.1604614257812,0.9999955892562866,647.1564331054688,603.7940673828125,0.999991774559021
132,586.7478637695312,304.2618408203125,0.9999963045120239,592.484619140625,451.57391357421875,0.9999986886978149,595.4824829101562,523.5403442382812,0.9999980926513672,592.8973999023438,571.9988403320312,0.9999983310699463,658.02880859375,312.14361572265625,0.9999972581863403,648.9853515625,446.21209716796875,0.9999605417251587,640.7015991210938,570.7281494140625,0.9999961853027344,647.19140625,602.6156005859375,0.9999923706054688
133,588.27099609375,303.560302734375,0.9999958276748657,590.4944458007812,451.0962219238281,0.999997615814209,595.1515502929688,517.845458984375,0.9999996423721313,591.3760375976562,569.159423828125,0.9999954700469971,659.87353515625,311.7725830078125,0.9999974966049194,649.1008911132812,445.5497131347656,0.9999698400497437,640.5609741210938,568.5858764648438,0.9999972581863403,646.344970703125,601.262939453125,0.9999936819076538
134,588.8548583984375,302.8483581542969,0.9999940395355225,589.2514038085938,449.8232116699219,0.9999979734420776,594.0175170898438,514.0771484375,0.9999995231628418,590.1010131835938,565.4235229492188,0.9999967813491821,660.093505859375,311.1894226074219,0.9999983310699463,649.7682495117188,444.36663818359375,0.9999649524688721,640.45654296875,566.8104248046875,0.9999985694885254,645.968017578125,599.3713989257812,0.9999983310699463
135,588.4908447265625,302.51776123046875,0.9999953508377075,588.1819458007812,447.666015625,0.9999966621398926,593.3126220703125,511.5932922363281,0.9999973773956299,589.0142211914062,563.1305541992188,0.9999967813491821,660.364501953125,312.0432434082031,0.999997615814209,649.632568359375,443.5295715332031,0.9999648332595825,639.9739990234375,565.4686279296875,0.9999986886978149,645.8480224609375,597.7651977539062,0.9999991655349731
136,588.8548583984375,301.44659423828125,0.9999910593032837,587.2885131835938,445.01422119140625,0.9999819993972778,592.2962646484375,510.96282958984375,0.9999949932098389,587.8296508789062,562.8277587890625,0.9999960660934448,660.7571411132812,312.53741455078125,0.9999973773956299,649.4666748046875,442.861328125,0.9999711513519287,639.9425659179688,563.5859985351562,0.9999991655349731,645.3998413085938,595.6948852539062,0.9999995231628418
137,589.1263427734375,301.1139221191406,0.9999871253967285,586.6090087890625,442.1630859375,0.999976634979248,591.3402099609375,512.9287109375,0.9999982118606567,586.6735229492188,565.596923828125,0.9999947547912598,661.4309692382812,312.3917541503906,0.9999963045120239,648.874267578125,441.904541015625,0.99997878074646,639.7526245117188,562.0160522460938,0.9999988079071045,644.88623046875,593.9723510742188,0.9999995231628418
138,589.6788330078125,299.0426330566406,0.9999812841415405,586.0779418945312,438.6578674316406,0.9999974966049194,589.98828125,517.1218872070312,0.9999983310699463,584.4053955078125,570.1964111328125,0.9999710321426392,661.9385986328125,310.9720153808594,0.999997615814209,648.8538818359375,440.6939392089844,0.9999874830245972,639.216064453125,559.8595581054688,0.9999959468841553,644.6300048828125,592.72119140625,0.9999992847442627
139,590.1956176757812,298.4306335449219,0.9999850988388062,585.69189453125,436.16119384765625,0.9999990463256836,589.152587890625,523.115966796875,0.999974250793457,583.9437866210938,576.7510375976562,0.9999957084655762,662.4569702148438,310.81585693359375,0.9999971389770508,648.5844116210938,440.3584899902344,0.99998939037323,638.788330078125,558.7733764648438,0.9999942779541016,644.3212280273438,591.060546875,0.9999988079071045
140,590.434326171875,298.14324951171875,0.9999852180480957,586.0352783203125,435.5573425292969,0.9999991655349731,587.6961669921875,533.0096435546875,0.999995231628418,581.6709594726562,584.7584228515625,0.9999929666519165,662.3447265625,311.2463684082031,0.9999972581863403,648.4412231445312,440.7107238769531,0.9999903440475464,638.2692260742188,557.7398681640625,0.9999936819076538,644.0289916992188,589.721923828125,0.9999986886978149
141,590.6522216796875,297.7669982910156,0.9999861717224121,586.7197265625,435.57958984375,0.9999991655349731,585.5916137695312,544.0183715820312,0.9999908208847046,579.77685546875,588.9827270507812,0.9999959468841553,662.26416015625,311.1819763183594,0.9999972581863403,648.24560546875,441.7014465332031,0.9999871253967285,638.0426025390625,556.7216186523438,0.9999946355819702,643.8463745117188,588.2667846679688,0.9999985694885254
142,590.9574584960938,297.7976379394531,0.99998939037323,587.82421875,436.80145263671875,0.9999991655349731,584.1841430664062,552.7203369140625,0.999990701675415,579.2863159179688,589.5985717773438,0.9999988079071045,662.4755859375,311.4371337890625,0.999996542930603,648.1575317382812,441.9326171875,0.9999880790710449,637.9273071289062,555.9134521484375,0.9999933242797852,643.6878662109375,586.3632202148438,0.9999988079071045
143,591.2543334960938,297.677001953125,0.9999897480010986,588.8912353515625,438.0624084472656,0.9999986886978149,583.4283447265625,556.7866821289062,0.9999827146530151,579.6713256835938,585.9979248046875,0.9999979734420776,662.365234375,310.4322204589844,0.9999966621398926,648.0687866210938,442.0593566894531,0.9999876022338867,637.6520385742188,554.7322998046875,0.9999898672103882,643.6524047851562,585.005126953125,0.9999986886978149
144,590.8142700195312,297.7023010253906,0.99998939037323,589.77197265625,439.46337890625,0.9999972581863403,583.8353881835938,552.3855590820312,0.8610643744468689,583.782958984375,576.7205810546875,0.9999982118606567,662.2540893554688,310.4350891113281,0.999996542930603,647.7396240234375,442.1631774902344,0.9999910593032837,637.7681884765625,554.170166015625,0.9999948740005493,643.41748046875,584.2838745117188,0.999998927116394
145,590.58251953125,298.6659851074219,0.9999902248382568,589.7798461914062,440.7411804199219,0.9999932050704956,583.5384521484375,547.1030883789062,0.004041715059429407,584.8387451171875,565.5941162109375,0.9999940395355225,661.9334106445312,311.6212158203125,0.9999960660934448,647.9008178710938,442.6177673339844,0.9999922513961792,637.6166381835938,552.6259155273438,0.9999984502792358,642.6570434570312,582.9918823242188,0.9999994039535522
146,590.1309204101562,299.923828125,0.999987006187439,590.3771362304688,438.37457275390625,0.9999979734420776,590.2715454101562,538.16455078125,0.0024790342431515455,585.0462036132812,558.9974365234375,0.9997135996818542,661.6731567382812,312.2065124511719,0.9999955892562866,647.768310546875,442.5951843261719,0.9999916553497314,637.3804931640625,551.1273193359375,0.9999994039535522,642.7255859375,581.5798950195312,0.9999996423721313
147,589.6058349609375,300.9172058105469,0.9999834299087524,591.5934448242188,436.42279052734375,0.9999992847442627,595.2828369140625,533.4507446289062,0.004670226946473122,587.8310546875,552.8812866210938,0.9999229907989502,661.0491333007812,313.2113342285156,0.9999938011169434,647.8088989257812,442.5594482421875,0.999990701675415,637.4946899414062,549.5416870117188,0.9999996423721313,642.7935180664062,580.401611328125,0.9999997615814209
148,588.4713745117188,301.4949645996094,0.9999922513961792,592.4376220703125,435.7738037109375,0.9999995231628418,597.0673828125,533.8932495117188,0.0013388762017711997,590.2988891601562,551.322265625,0.9997233748435974,659.7841796875,313.8999328613281,0.9999953508377075,647.6648559570312,442.752197265625,0.9999916553497314,637.4677734375,548.2717895507812,0.9999997615814209,642.62158203125,579.6063842773438,0.9999997615814209
149,587.56201171875,302.1471252441406,0.9999946355819702,593.562255859375,436.7568664550781,0.9999996423721313,597.9747924804688,536.6607666015625,0.006382182706147432,592.1451416015625,551.4132080078125,0.9992966651916504,658.6624145507812,314.93658447265625,0.9999963045120239,647.5177612304688,443.0180358886719,0.9999922513961792,637.1735229492188,547.1204223632812,0.9999996423721313,642.3883666992188,578.2076416015625,0.9999998807907104
150,587.4840698242188,303.67938232421875,0.9999964237213135,595.1239624023438,439.46246337890625,0.9999995231628418,601.982666015625,538.1815185546875,0.0016001687617972493,594.3640747070312,554.8548583984375,0.9995019435882568,658.4580688476562,314.98052978515625,0.9999960660934448,647.5698852539062,443.5514831542969,0.9999932050704956,637.2210693359375,545.7669067382812,0.9999991655349731,642.9146728515625,576.820556640625,0.9999997615814209
151,588.28466796875,306.49169921875,0.9999985694885254,595.4725952148438,444.57000732421875,0.999998927116394,609.1390380859375,546.55029296875,0.0008057603263296187,598.2372436523438,561.8910522460938,0.9997913241386414,658.782470703125,315.5057067871094,0.9999960660934448,648.2742919921875,444.9512939453125,0.9999933242797852,637.8954467773438,544.5830688476562,0.9999983310699463,643.2393798828125,574.9579467773438,0.9999990463256836
152,589.644775390625,309.380126953125,0.9999980926513672,596.4292602539062,449.819091796875,0.9999997615814209,635.6598510742188,539.8140869140625,0.0006656677578575909,600.4517822265625,572.8165283203125,0.9999715089797974,659.9606323242188,317.0416564941406,0.9999960660934448,648.8564453125,446.6359558105469,0.9999903440475464,638.4625854492188,543.4929809570312,0.9999945163726807,643.7898559570312,573.1096801757812,0.999998927116394
153,591.0665283203125,312.720703125,0.9999922513961792,598.1813354492188,455.4823913574219,0.9999994039535522,601.5769653320312,461.46990966796875,0.0011454287450760603,603.8718872070312,583.27490234375,0.9999971389770508,661.3513793945312,318.2848815917969,0.999992847442627,649.6552734375,448.5556640625,0.9999943971633911,639.07080078125,541.8521118164062,0.999995231628418,644.7357788085938,571.4884643554688,0.999998927116394
154,590.5916137695312,314.9730224609375,0.9999895095825195,598.7938842773438,454.9048767089844,0.9999994039535522,609.7530517578125,565.5231323242188,0.0015956675633788109,605.6918334960938,588.9804077148438,0.9999685287475586,661.91552734375,318.33941650390625,0.9999897480010986,650.028076171875,449.14068603515625,0.9999964237213135,639.5333251953125,539.8262939453125,0.9999969005584717,644.2924194335938,569.531494140625,0.9999986886978149
155,590.36669921875,315.3019714355469,0.9999914169311523,598.3077392578125,454.12652587890625,0.9999996423721313,608.498779296875,566.1524658203125,0.020284205675125122,604.5791625976562,591.7604370117188,0.9999945163726807,661.9887084960938,318.84771728515625,0.9999929666519165,650.4193725585938,449.6558837890625,0.9999978542327881,640.3941650390625,537.9976196289062,0.9999961853027344,644.024169921875,568.1693115234375,0.9999983310699463
156,588.24609375,313.5189208984375,0.9999741315841675,596.4940185546875,452.28790283203125,0.9999997615814209,607.7371826171875,568.3496704101562,0.44419991970062256,602.6543579101562,593.1593017578125,0.9999983310699463,660.8682250976562,318.08514404296875,0.9999911785125732,651.7614135742188,449.9363708496094,0.9999984502792358,642.7626953125,535.2748413085938,0.9999994039535522,644.23681640625,566.8248901367188,0.9999988079071045
157,586.773681640625,313.2369689941406,0.9999866485595703,595.1050415039062,451.1522216796875,0.9999997615814209,607.1905517578125,569.0569458007812,0.9987014532089233,601.198486328125,594.6799926757812,0.9999991655349731,658.6442260742188,315.03570556640625,0.999993085861206,654.1907958984375,451.26513671875,0.9999986886978149,644.69287109375,531.1539916992188,0.9999996423721313,645.0132446289062,565.8865356445312,0.9999982118606567
158,584.93359375,310.8009948730469,0.9999884366989136,594.8085327148438,450.4075927734375,0.9999997615814209,606.760986328125,568.8184814453125,0.9999246597290039,599.1522827148438,595.1036987304688,0.9999992847442627,657.0237426757812,312.1178894042969,0.9999752044677734,655.5355224609375,453.57958984375,0.9999984502792358,647.8292236328125,523.5272827148438,0.9999971389770508,645.5693359375,566.4540405273438,0.9999957084655762
159,582.7195434570312,308.4456481933594,0.9999972581863403,594.114013671875,449.29107666015625,0.9999995231628418,606.4552001953125,568.2156982421875,0.9999756813049316,598.3058471679688,595.6812744140625,0.9999994039535522,654.9429321289062,309.0740051269531,0.999981164932251,655.8232421875,455.0862121582031,0.999996542930603,651.6299438476562,519.09228515625,0.9999988079071045,645.9133911132812,565.1143798828125,0.999997615814209
160,581.269775390625,308.0176696777344,0.9999986886978149,593.5945434570312,448.5276184082031,0.9999990463256836,606.4768676757812,567.3668212890625,0.9999891519546509,597.7569580078125,595.9888916015625,0.9999992847442627,653.06494140625,307.9163818359375,0.9999916553497314,655.3331909179688,455.30108642578125,0.9999885559082031,654.35107421875,513.4216918945312,0.9999991655349731,646.5171508789062,561.3527221679688,0.9999853372573853
161,580.2620239257812,306.79534912109375,0.9999990463256836,593.0209350585938,447.35382080078125,0.9999974966049194,606.975341796875,566.0264892578125,0.9999967813491821,597.5362548828125,595.922119140625,0.9999994039535522,652.3630981445312,306.70330810546875,0.9999936819076538,654.283447265625,454.2736511230469,0.999990701675415,655.49951171875,511.27703857421875,0.9999980926513672,649.5172119140625,560.4873046875,0.9999628067016602
162,579.383056640625,305.9903869628906,0.9999991655349731,592.7867431640625,446.7502746582031,0.9999978542327881,607.2832641601562,565.2232055664062,0.9999985694885254,597.93212890625,595.1331787109375,0.9999994039535522,651.767578125,305.7303771972656,0.9999946355819702,653.5391235351562,452.5769348144531,0.999993085861206,656.5055541992188,513.7887573242188,0.9999997615814209,651.5183715820312,563.70849609375,0.9999910593032837
163,578.9826049804688,305.192626953125,0.9999986886978149,592.6832885742188,446.23492431640625,0.9999980926513672,607.3679809570312,563.7233276367188,0.9999988079071045,598.7728271484375,594.6549682617188,0.9999996423721313,651.0269165039062,303.1019287109375,0.9999840259552002,653.795166015625,451.3284912109375,0.9999921321868896,656.9285888671875,519.4808959960938,0.9999991655349731,653.8197021484375,571.283203125,0.999990701675415
164,578.6304321289062,304.75286865234375,0.9999985694885254,592.4329833984375,445.7269287109375,0.9999982118606567,606.857666015625,562.4143676757812,0.9999985694885254,599.8046875,594.1221923828125,0.9999996423721313,650.9154052734375,302.51483154296875,0.9999796152114868,653.2924194335938,447.4661560058594,0.9999802112579346,656.926513671875,530.17919921875,0.9999992847442627,655.8353271484375,580.4679565429688,0.9999992847442627
165,578.42822265625,304.67510986328125,0.9999985694885254,592.6251831054688,445.72412109375,0.9999986886978149,605.8804321289062,561.3601684570312,0.9999977350234985,600.6329345703125,593.8827514648438,0.9999996423721313,650.6019287109375,302.04766845703125,0.9999691247940063,652.6578369140625,443.9930725097656,0.9999758005142212,655.4384155273438,545.483154296875,0.9999957084655762,658.3463745117188,590.8846435546875,0.9999971389770508
166,578.2371215820312,304.89483642578125,0.9999984502792358,592.812255859375,446.6034851074219,0.9999986886978149,605.8840942382812,559.0657348632812,0.9999877214431763,601.262451171875,593.1838989257812,0.9999995231628418,650.5675048828125,302.722412109375,0.9999783039093018,653.609130859375,440.8572998046875,0.9999790191650391,655.2360229492188,557.9359130859375,0.9999926090240479,661.5585327148438,599.060791015625,0.999998927116394
167,578.4869384765625,305.5408020019531,0.9999988079071045,593.3942260742188,447.43609619140625,0.9999988079071045,606.5706176757812,555.7156372070312,0.9999884366989136,601.1045532226562,592.37646484375,0.999998927116394,650.682373046875,302.9594421386719,0.9999798536300659,653.8317260742188,440.27508544921875,0.9999798536300659,655.39501953125,566.1251831054688,0.9999982118606567,663.8995361328125,602.7954711914062,0.9999973773956299
168,578.8215942382812,306.1614074707031,0.9999991655349731,594.7015380859375,449.31640625,0.9999990463256836,607.417236328125,554.5013427734375,0.9999934434890747,601.1002807617188,591.6402587890625,0.9999979734420776,651.5847778320312,304.7223815917969,0.9999920129776001,655.0213012695312,442.42529296875,0.9999700784683228,655.9550170898438,570.7368774414062,0.9995817542076111,666.8501586914062,597.3505859375,0.9999966621398926
169,579.150634765625,307.0849304199219,0.9999992847442627,595.0811157226562,450.1824645996094,0.9999992847442627,608.2327880859375,555.2297973632812,0.9999934434890747,600.89990234375,590.7269897460938,0.9999960660934448,652.3446044921875,306.5279235839844,0.9999948740005493,656.323974609375,444.3191833496094,0.9999897480010986,655.33447265625,566.3165893554688,0.24951118230819702,667.129150390625,587.0906982421875,0.9999867677688599
170,579.6508178710938,308.3509521484375,0.9999992847442627,595.5789184570312,451.5513000488281,0.9999996423721313,608.3629150390625,555.0503540039062,0.9999922513961792,600.592529296875,590.07568359375,0.9999964237213135,653.1123657226562,308.4141845703125,0.9999933242797852,656.5613403320312,446.0545959472656,0.999988317489624,654.1040649414062,564.0816650390625,0.024686239659786224,665.820556640625,582.1788330078125,0.9999938011169434
171,580.5936279296875,310.4227600097656,0.9999986886978149,596.5385131835938,454.0026550292969,0.9999994039535522,608.525390625,555.1124267578125,0.9999938011169434,600.7380981445312,589.6292724609375,0.9999963045120239,653.5559692382812,310.9085693359375,0.999982476234436,656.1036376953125,447.2357177734375,0.9999864101409912,595.328369140625,459.2044982910156,0.0010594315826892853,664.0142211914062,584.5927734375,0.9999700784683228
172,580.6890258789062,313.1782531738281,0.9999955892562866,597.0255126953125,455.4876708984375,0.9999992847442627,608.5906372070312,554.33203125,0.999991774559021,600.8218383789062,589.5228881835938,0.9999960660934448,653.912109375,316.68951416015625,0.9999812841415405,654.889892578125,449.177734375,0.9999915361404419,595.5250244140625,459.0120849609375,0.0012775833019986749,660.6873168945312,595.0240478515625,0.9999994039535522
173,582.7516479492188,314.9199523925781,0.999991774559021,598.1353149414062,457.8779296875,0.9999966621398926,608.8328857421875,552.4169311523438,0.9999969005584717,600.9841918945312,589.7630004882812,0.9999955892562866,655.7059936523438,319.88690185546875,0.999992847442627,654.107421875,454.10491943359375,0.9999946355819702,649.23291015625,581.8182373046875,0.9022803902626038,658.9208984375,606.5211181640625,0.9999961853027344
174,583.26708984375,316.1264953613281,0.999988317489624,598.12939453125,459.6828308105469,0.9999957084655762,608.2640380859375,551.7342529296875,0.9999986886978149,600.7891845703125,590.3334350585938,0.9999966621398926,656.336669921875,323.1402893066406,0.9999983310699463,653.0435791015625,458.5599365234375,0.9999768733978271,647.1790161132812,589.3233642578125,0.9999357461929321,656.1948852539062,620.7115478515625,0.9999945163726807
175,584.1051635742188,316.5287170410156,0.9999797344207764,598.3011474609375,460.6629333496094,0.9999964237213135,607.9411010742188,550.95703125,0.9999991655349731,600.4779052734375,590.5792236328125,0.9999974966049194,657.860595703125,324.92425537109375,0.9999990463256836,653.7574462890625,459.5817565917969,0.9999755620956421,646.655517578125,594.1849365234375,0.9999916553497314,654.2926025390625,630.3792114257812,0.999995231628418
176,584.940673828125,316.16851806640625,0.9999641180038452,597.8884887695312,460.6983642578125,0.9999974966049194,606.9888916015625,548.5953369140625,0.9999992847442627,600.6141357421875,591.2161254882812,0.9999966621398926,659.256591796875,324.9254455566406,0.9999990463256836,653.7546997070312,459.8612365722656,0.9999741315841675,645.8764038085938,594.4110717773438,0.9999964237213135,653.7883911132812,630.680419921875,0.9999949932098389
177,585.9619750976562,313.3178405761719,0.9999816417694092,596.8961791992188,460.83673095703125,0.9999977350234985,605.9689331054688,545.7214965820312,0.9999985694885254,600.7509765625,591.3402709960938,0.9999960660934448,661.7298583984375,322.7928466796875,0.9999977350234985,654.53173828125,459.7163391113281,0.999976396560669,646.1788330078125,593.4627075195312,0.9999957084655762,653.8202514648438,630.3501586914062,0.9999948740005493
178,587.0499877929688,311.21258544921875,0.9999958276748657,596.1681518554688,461.0919494628906,0.9999983310699463,603.7205200195312,543.126708984375,0.9999908208847046,600.6123046875,591.4924926757812,0.9999966621398926,663.550048828125,320.7215881347656,0.9999914169311523,655.1805419921875,458.84832763671875,0.9999772310256958,646.6001586914062,593.1027221679688,0.9999948740005493,653.7306518554688,629.7027587890625,0.9999948740005493
179,588.427490234375,309.7951965332031,0.9999974966049194,596.3505249023438,462.0795593261719,0.9999982118606567,602.5247802734375,538.7894897460938,0.9999731779098511,599.5509643554688,590.6162109375,0.9999960660934448,665.822021484375,319.8811340332031,0.9999853372573853,655.6851806640625,458.7640686035156,0.9999833106994629,647.2261962890625,591.8355712890625,0.9999884366989136,653.1463623046875,628.892333984375,0.9999957084655762
